oBorder
256 702 0
47 700 0
45 98 0
347 25 0
601 28 0
727 135 0
771 414 0
785 726 0
548 736 0
479 734 0
491 628 0
490 424 0
433 315 0
364 309 0
316 329 0
285 394 0
285 499 0
287 642 0
294 699 0
iBorder
406 155 1
252 307 1
248 393 1
147 461 1
81 460 1
68 385 1
174 371 1
196 315 1
183 244 1
92 230 1
99 160 1
268 88 1
324 82 1
iBorder
iBorder
248 491 3
248 627 3
78 640 3
86 595 3
183 601 3
194 552 3
162 511 3
98 547 3
88 514 3
79 498 3
205 477 3
iBorder
527 86 4
446 217 4
490 310 4
543 376 4
575 433 4
570 472 4
558 545 4
555 607 4
667 610 4
700 555 4
710 495 4
646 468 4
638 384 4
667 323 4
654 241 4
603 317 4
553 311 4
517 266 4
515 227 4
540 187 4
567 179 4
617 178 4
626 129 4
599 95 4
